248.65635755887598
241.52566263062766
242.36225381023385
247.44930974260578
245.0456491290806
245.5050893521126
243.48407027277239
242.11276648864487
249.06140413225765
249.71652523477994
241.6423489608013
245.67232932094947
242.37719917542057
249.9789394664889
245.54612805945197
242.78459967659217
247.71237778729548
240.5472930444608
240.98572542388516
249.69410016966447
249.7455413900654
244.58587527206504
240.60850837221489
246.18795762311788
247.83400602869386
245.77883424417283
249.70959212425132
247.78308333726966
245.62112406349428
245.0418775861815
247.66915549742427
247.69133458459015
247.8121896266231
245.40396534262266
247.10218385409513
249.7851029473409
241.62422024337428
244.43545677347566
243.57705637067554
248.14093734105282
240.07456587823935
241.4005347120471
248.79110040194195
246.6730481463987
242.78515592416733
242.8880823030472
240.6355941320054
245.77893000038586
241.69964306725672
243.29694433585928
246.96631489067082
244.12419393856442
241.1752099916814
241.53802581571688
244.947161794204
244.1099774201745
249.6547416984866
247.57260026456933
242.02595752445697
245.85686000699226
248.2699259842095
244.51201238611847
242.96959237934368
243.25514169497671
246.25296979498358
245.61038369955438
244.9157351175002
242.21557384999855
244.79061582386854
246.06744905035774
245.1030647953774
249.70425036033092
249.56512709643474
242.96617911396163
240.16812282690327
244.06816269619944
246.06400313622086
248.29650803144318
244.97761441566516
240.17923362461465
242.294768601692
244.60382551550222
241.39710221079451
247.67823871936986
244.86228336812363
240.4753261173173
244.22205192198797
245.40868268089332
247.3072052255858
244.52003690533752
240.42883718539773
249.94290870549608
242.1634476738461
241.79514088074518
241.13820419173993
242.59496588166803
241.9086009912752
244.81321716476998
244.38642135221622
245.7390932031185
249.43876702479258
241.2998984482336
244.3000066612362
248.00160579822858
244.95279532571138
245.15074887772266
246.43210035455044
246.53922080981846
244.61521204262155
243.76510547202494
243.87547535217274
245.41853199900277
249.72025015916157
247.70394968722977
248.2278874106142
244.1553912922156
241.38991139146674
242.01561059422573
242.02902437364503
241.83562629439308
247.44705959912693
241.58255167725903
243.26886474561292
249.167658621961
249.8330936988444
249.85440025075187
242.44413224747802
247.50440774346578
248.9051137270564
243.75197915847525
246.55577135903505
249.30484621469154
248.40374475306152
244.72619600951987
248.3185505377757
247.2708556318132
242.88410072814727
245.45298369954335
246.77998233612675
245.2622898582972
249.76365422368013
246.1344289523853
245.79081320790925
248.11960695248686
248.91238307554588
241.0018149964398
244.89884019071323
247.9090900744823
243.94351359965984
241.82960331622112
249.79181891490714
249.82135479172206
248.53538259600654
242.8116452723821
248.39772407370296
242.95394372148
243.21824204723052
244.55297836421096
247.79400251977324
240.24405482182118
242.0218914229385
244.83400483050607
247.7680421975333
243.51493581900743
246.051019901417
244.24154037211943
246.78754190654874
243.69052138728654
249.4121488379351
247.01394050376987
240.32096689849112
241.2446575576484
246.93613379666755
241.4148559364344
246.89636372646865
240.60711567864718
242.5615788133288
245.83827737234975
247.47641897720166
249.9151973753633
241.21282101791152
249.6208346940142
241.80585889387203
240.37798874819183
244.2971942975482
248.2848290482228
241.32218935565007
240.2622476384031
242.95976857669928
244.9112625392211
246.22031165656392
246.53069115437378
247.94238242705296
243.25846985753137
245.67049878899684
248.0588135501481
248.95575777158484
243.34042471721318
247.0392732691685
245.002000777632
246.74654345124003
241.28378492576445
241.00321730365218
249.81907016359528
247.9914698855924
246.72259294903733
240.12950282071975
242.17299624270623
246.60904352149066
247.86970203619185
243.25544930276237
241.62298929846037
240.67812528106373
246.5615018520918
241.17606797533537
243.12889817846343
245.15501277387506
240.14491770174203
247.6535956512896
242.74534813758729
249.15319769583516
248.3030585820561
240.89012216491932
247.87031805008576
242.4088381728356
243.9979116986775
241.58867804294144
246.3189200059435
246.59714764998012
247.08784712588866
241.32580176413097
243.96017471108289
240.4569254282781
241.12734895283037
248.64654022604546
244.48829525930785
248.95725001985386
249.60862201403089
249.2680658116765
241.33831642633427
242.11883551274775
241.71494028530887
246.59102535883417
243.84813967440962
242.18096398367246
246.21960371161612
244.29218474400977
247.76285927251232
249.18256737647607
247.33276357018264
241.09231872144696
244.35553166759803
240.74932797891526
245.42230740958755
247.228172338923
242.12985336439672
241.7223184335427
249.87618255513334
243.2958836097607
249.0831687738348
248.84897501572073
241.1493992962034
249.59976463109837
247.6036663513249
240.11841501393968
245.78986412569733
248.84441819407726
248.3261656253867
247.58579714902157
242.55993583462993
248.9716585401369
240.89235581720666
246.21722729455774
240.2973596347179
240.90777271849288
247.05976415051452
247.46589863958874
245.22989904027733
248.9987085604955
243.47949800510582
249.60379786586296
249.89493848481328
240.17416373449538
247.04450139951084
244.03429356811557
245.50155465369903
246.86719138931073
249.37035209952356
240.8660798283406
240.30186723161884
240.3020349550353
248.88637689873107
247.848067299639
243.82193119988443
240.20047114109923
244.57086802515283
243.11810191952287
243.3816557112465
247.40914008146356
244.58397737087034
246.92678882187488
247.53618803914907
249.1863123461621
247.19213276435323
240.16623282780597
245.52097759466704
243.4798946548733
243.5653391973016
240.59265477751
246.09521448861076
246.93215705148486
246.72758585312866
246.83264853114397
241.52865234173785
241.06499754478398
246.97190670327484
246.65666594349238
244.55774585817815
244.21014563682917
244.04037459998995
247.54901996104752
249.79625971553747
247.56240700172083
249.2767246612859
244.48795245084494
249.29083632460467
249.24870207745477
243.64617906436942
247.09178449580605
242.07815242117707
245.06738957249863
241.3735102222029
248.45820403837155
244.98570414053307
242.05016506253975
249.22893013736083
240.50772051027064
248.26757891628395
242.23791017014065
240.15104128855927
241.78449855256486
246.80215997206994
248.9312226541844
244.8564174894475
240.8064306078931
247.06510505629333
241.0624120230421
248.58319352973305
240.89518325607267
249.68240054102662
246.83931322239118
240.96911716285888
241.96143719016027
240.92846233003203
241.59281477753262
242.53815114595477
243.10404820699736
248.21845134355675
245.67361999023763
248.4210305624784
242.85175548031188
243.32221260314458
247.47413592206118
249.35585806652338
240.36614116678425
241.91747371627605
244.5073006860748
244.58622348015018
241.4870733366862
245.46690322377782
246.04289555279232
246.6133085510494
247.4203090752823
249.75591497174895
243.53561155999904
245.8331611770159
244.29396368422277
249.3767836919648
246.45056556313705
248.61715886044902
248.7487098471451
247.4088703108417
241.71065619014843
246.02202686935127
245.989178480791
243.87555077007062
247.6647034670415
249.92522826957867
244.71298260113286
244.99100380442775
243.51160407659145
245.61683044358284
243.13486869341799
242.68578050838929
247.61625324837976
245.04927749283988
245.21173112418205
247.74937914961234
245.8775386708266
244.3959256551201
240.93060495494151
240.82293416161778
247.247746365342
243.53584824357412
249.51802656638597
249.28448611772103
244.88308290799793
241.22575921053513
248.4053226924217
242.33972141202688
241.16990430624455
246.88197968164698
243.07443035397185
241.51008877513425
246.28385669252435
242.9871733709219
242.6358188342468
244.054221951591
241.43722861086997
241.03395628883652
240.39921183035142
244.28767305782455
248.23724104793524
247.4940459112262
247.82381311493418
244.30482650402206
242.42249885333564
249.47866778857812
243.1836354439253
242.8284673663249
246.52018492043192
244.84944195706657
248.35201847968824
242.70103849513
249.5929131266345
240.1877894185184
241.9205626655233
243.7155149801786
247.32473755352888
240.87137109907567
240.4056116212293
248.6087384097853
242.24242749684285
241.58069141456477
243.40282643686018
242.9959223358327
245.54941267885488
240.7569219737507
240.28792471803717
246.17646687179825
241.97288469199643
245.67078408619463
248.35245781316726
246.74532723142735
248.73669925165157
240.91115240097295
240.40575919955856
248.80813267594124
243.9932091881294
245.91775902291417
248.8190996899821
247.04524485188182
247.51783628919353
242.50423188810242
249.95991044045954
248.10161296066917
245.61226929880064
249.7896532691413
243.7247341146252
243.94372461421497
241.64667649117138
247.93394184314815
247.1521838643841
244.57660569247253
247.2677430278707
244.14261916597042
247.49117770549992
243.16472847414042
242.08909281631998
241.91345379836193
240.26383890450154
244.54622996174132
245.09190720170986
241.44302300201358
242.30932614140622
244.29455370612965
246.16743615233736
247.1595255426644
248.91860791265833
241.9245091062672
248.81928469469335
242.52734765311956
244.54712910231854
240.35054671213672
242.38934340146812
240.26480215419946
248.63405987060193
244.99628526168112
244.27421712834544
246.88748542687526
